581

95515515 9551. M, 25.

95513555 Scyth· 391, 8·

9555565515 quo 15155555 15115·
rem 9555515555 5111555111 199,
36. 5 Valente 1155. 15111155
55555928. 15 1551515111.
51555 593, 38

9555115 Pamph. 395, 18.

cariae 55555 pleraeque 15 55111-
bun 181, 26

carpasium cypr. 397, 18.

Cirpi 11111 113171139ᾓ1 4095 9175

camo eur 51115 paganorum 622

95115 951555. 395, 17.

cambus 91115.. 397, 11.

95515515 7555151. 117, 39.

955115 umis 391. 11.

cau-u· 1151511395, 25

Caunus 5551 conditioni· 15155555

951155 11155. 391, 12.

9555515555 155. Graec. 892, 17.

(Ieme Lyd. 891, 21.

95551111 9551. 951515. 397, 2·

9555555 155. Epir. 393, 2

9555195155515 55511 1155565555-
555 123, 37.

95551555 95555. 891, 11.

951151 15555. 397, 21.

1111565555 71111117. 392, 3

7151553115 Ποη. 396, 9.

951555ᾍή1οαί5ωῶ 11515555-

1 .

Chalcis 151. Euboan 392, 7.

9551115 Syr· 5551. 397, 97.

9551155555 9515511. 898. 28

Χεραόησος Κρήπ. 392, 23

Χῶμα Aua. 395. 22.

915515811151131511 Παμφ· 395. 13.

Χῗρία 551555555ιά55 Kasp 396.
55515155 111, 15. “

(libyn 951155 3⁹6, 7,

(limum ’155515 quodum

915551 (15155551 Prusia tdflypiun
men 191, 22.

91555 95151. 396, 26.

9151 9551 396, to.

91551555 eret 392, 21,

(suun Cspt. 397,16.

« mnu

9155551 951 111. 396, Ἀ

Claudiopolis Μ, 13.

91555555515155 393, 27.

9131515 5111511515 5111555155- 51-
5515 ambus 511, 8.

95111115 955155 396, 2.

codrul- 955155. 395, 16.

95515 551151 Thrae. 165, 17. 15
Euboea ib. 27.

95155155 qug. 391, 11.

95415555 51 95155555555 stm-

9515515 95555. 395, 11.

9515515 Arnen. 397, 5

951515 15155 393, 25.

9515555 Pamph 396, 11. Pati
951515. 397, 2.

Cos-amq? 1551151 15951555·
15 1.

955155 1155155395, 21

Comen 11555155 511, 8. Lyn·-
5155161, 7. 5515155511 5555

..1153513915

9515555 Amen. 397, 7.

955555 urb· 91511. 161, 39. 163

consonis· 11511555. 391, 6.

9551555115 Phra. 391, 12.

9555155115 1555. 3991. cyp.
397,16. 011515. 398, 6.

955515511555 Scyth. 391, 7.

9555155655 95555. 393, 12.

Consulum 5555151155515 qu 155.
5151 dignitate 162, 2

955155 Theb. 399, 26.

Commium 9515511. 395, 18 ;

9115155155 Augustamnica 511, 13. .
Paphi oniae 19518.

corycus ’115 391, 19.

951555 9515515. 395, 18

955 155. 395, 23,

955151 911515. 391, 12.

955115 115551. 896, 11

95511155 911555. 395, 11

91155555 Amen. 397, 7.

9555555 oppidum 851555, 15555·
tissimum 567, 23.

91151515 9155. 397, 17.

Cyaneae 1.]5155395, 23

Cybistra 9555511. 396, 28

9511115115 95ης. 391, 11.

cydonea 9551. 392, 21

Cydonia 51 Cydona 129, 3.

 

