· fflsTomcus. 575

S. 9111111111 1111111111 13113. 111111 179, 17, 9111111111 1111-
1111 11111 147,14. *ximo 11111111 reformidant 69,
1111111111 146, 1. 15. 1111111111· in 7111111111,
regum 1111113615. 1111111116111174,17.78, 1.
1111111111 7111111 1111191, 17. 1111111 71, 26. 77. 181 179, 19.
1111111111 113, 21. 81111111111111111168, 11.
8111316111 21, 4. 811111 fl. 177, 16.
1118111111111111, 2. 811111 111 8111111111 Saracenorum
Rhegium 66,1. 11111 1111126117. Α11111111111161,13. 186, 3.
11111111111Λ. 8111111111 167, 11.
1111111111 43, 16. 813111111138, 16.
Mem 11. 111,19. sagenae navium geum 156, 16.
8111111111 122, 9. 81111111 191, 15. 192, 4.
1111111111 122, 21. 8111111 159, 21.
minem 162, 4. salomam 118, 15.
Rhodanus 167, 11. 8111111111 167, 16.
· Rhodope· 1111111111147, 6. 81111111711111111111111611176,
Rhoda· 1111. 9122. 99,1. Do· 4.
111111111οηί1 38, 22. 11111 co· 811111 137,11. 149, 7. 6111111·
1111111111 1111119119. 1 111111111141,1.’1. aqui· 111
141111 Arabum (1111 sublatus 1111111111111111 commendata
111. 12. - ,2. 1111111111 1111111111
1111111111 122, 16. capta 126, 22. 142, 11.
1111111111 49, 19. smine 47, 4.
1111161111 6. 21. 9. 43, 21. 811111 56, 7.
1111111111 66, 17. 8111111136, 15. 11111111111111
1111111111 19, 21. Assyrii· 1111111111111 36, 16.
8111111111111 smiomm 1111111111 8111111111 6. 75,1.
154, 2. 8111111111 patricius 11 accubitor
11161111118111131111111111111 ro· 1111 Leone 231, 21.
gno 1111111111, posteaque 1111111 8111111111 111. 47, 12.
regnum 111111 partitur 11915· samua imula, 11 11111111 undu 111

1111111111Ϊ1111111118113111111 (1111141, 2. quaenam 111 eo

11111111 11 , 19. 1111111111 11111111111111141,17.
1111111128. 12113· 1751177531 Sangarius 1111111 ponte 11111111

17· 247. 21· 749170· ‘5⁰⁸ 91111· 1711111111127,8 11111111 opi·
18111191171791181111. 111111.111 1171112111, 11.

19. 111, 7. 124, 26. m. 19. 8111111 269, 7.

134, 5. 136, 12. 166,19. 15112. Sapiniam 269, 16.

116, 22. 158, 24. 162, 8. 172, 81111111166.15.161,24.182,16

22. 182, 16. 196, 11192. 24. 212, 7. 226, 4. 269, 11. ere.

198, 16. 211, 9. 217, 2. 227, 3. 1111117111 1111111111 1111111 93, 8.

244, 13. 246, 22. 1111111111111111111111111162,16.
Romanii 7222· 2116, 17. 212,11. 13112, iidemuarlm capiunt, in.

27118. deque pout aliquot 1111111 1
111111111111226, 6. 1111111111 1 91161111111111111
1111111111 inperium regnantem- 62, 16, 130, 11, mmmm

111111 1111111111 coeptum 12, 17. 11111111111111111111, et 1111 no·
1111111111 imp. neptem 11111 Bul. mano 1111111111 199, 16· 299, 1·

garo 11111111 11111187, 22. 1111 1111111111 apud cynicum 11111

1111111111 11111161111111111· Pogonnto 11111111 217, 1·’

111111 262, 11. 81111 179, 26.
-81111111111 126, 19. Surge! Chaucorum oppidum 81, 17.

 

