..00111 0111011001,

1
»ψ ..ι amunta—-

81100 11111101 01101101’105,·15.’ 1110011011001101110.. ,
110101111011111110110110110 1110 urbem capitib. 18, itm ,

0111101 ibid. 22 Cyprum insulam 40, 14.
111111 228, 22. Abydus 25, 17. 43, 2.
1111111 1111411111 111, 9. 123, 7. Aoum 11 211, 13.
148, 9. 1 1111101111 infestati, 1101011101 49, 20.
Dalmatiam 111100010101100101 1011001 215, 9.
126, 14. 141,19. 153, 13. 102, accubitor 101) 11111110 001101 1011
12. 1011011111110111111110111 231, 18.
144, 3. 148, 9. Achaei 52, 7.
Abasgia 177,10. 182, 3. 201, 7. Achaia 52, 6. 219, 4.
205, 19. 1101111001 11. 55, 20.

5501111111110010110110110512. 1000111001110110111011115001 11 ’

41011111 Arabum tyrannus 1111111- 011οι adoptivus 11 1001100100-

101111110 principe 111101 98, 13. 1111111951. 1010111000 Apo·

41131111 1110011 Arabum prinei· 111011 11110 0011101196, 17.
11 111101 bellum 100111 11111101 Aeantium 47, 11.
1110001111ιο gerit 105, 22. 1011147, 14.
4111111111ιί0 4001151111 111101, 1111010010 14,10.

1101111 111011111111 194, 15. 101011110156, 18.
4111111011101101111 011011011- ‘Actium prom. 55, 5.

111 111011101111192, 13. Adana 19, 23.
1011110110110110110111311011111- 'Adara 180, 1.

(1111111001 11111111 01ρί1111101 011 4011511101 1011111111 01101, 11050-

1111001110101ξ3111301101231,8. 011110111101101 pater 11512. ,

abimelech 111 010 princeps quot 11111111 1101101011 filia. 1011111111
0001111811. 011101000111111- 1011111110 0101 117,23.
00101110 quibus 00101111οηί101 1400111110111111101,1111111110-
ίὲοἰὲια, 103, 2. Africam 10111111 agninus 111001 1010111101
i ο 1 5·

1501110111200, 15. ’ 1111101111111011151111 111101,

1110110001111 100, 13. 202, 5. 203, 11111111 europalates 207, 10. 11.

110101 1101 1101111 Por· 111111. 2¹.

phymgenito 11 subiicit 111. 8. 11110111 magister 1111011 001001- .

41110 10114. . 11011110111011110101111081·
1101111101 11100101 Arabum 0110101, 10.

20. &13⁸0anoe Romani (1111000- 11101011101 1111111111 0101101110· ³

 

